1.51545542,14.14145,0.0,2.68145,73.3884,0.08073,9.06688,0.6111,0.0255,negative
1.51755118,12.99765,3.60098,1.35893,72.9908,0.57132,8.39976,0.0,0.0561,negative
1.52210718,13.72915,3.83895,0.72014,71.7588,0.16767,9.74476,0.0,0.0,negative
1.51742932,13.02167,0.0,1.95042,72.173,3.90117,12.49932,0.0,0.0,positive
1.51905466,13.6028,3.61894,1.10855,72.638,0.14283,8.75484,0.0,0.0,negative
1.51914578,12.73165,1.84988,1.85969,72.6884,0.60237,10.08908,0.0,0.0,positive
1.51891798,13.46315,3.82997,1.25942,72.5484,0.57132,8.20608,0.0,0.0714,negative
1.51654886,12.7516,2.85115,1.43918,73.2708,0.57132,8.78712,0.11025,0.1122,negative
1.51612728,11.02925,0.0,3.04097,71.3799,6.21,10.94879,0.0738,0.008,positive
1.51846238,13.40995,3.88834,1.33004,72.3804,0.50922,8.2814,0.0,0.0,negative
1.52141736,12.87728,0.0,3.04097,72.6552,1.42477,12.49932,0.0107,0.0754,positive
1.5229956,13.3102,3.57853,0.81965,71.9884,0.11799,10.17516,0.0,0.0153,negative
1.5184022,13.03113,0.6546,2.33609,72.371,6.21,12.49932,0.0273,0.0018,positive
1.51755118,12.7117,3.42138,1.19843,73.198,0.58995,8.63648,0.0,0.0,negative
1.51777898,13.6427,3.65037,0.64952,73.002,0.0621,8.927,0.0,0.0,negative
1.523679,13.4432,0.0,1.90465,72.9117,0.13041,8.63916,0.2394,0.0,positive
1.523679,12.68405,0.07339,1.59532,73.717,1.92192,11.81945,0.0168,0.0689,positive
1.51529573,12.22444,0.76741,2.88546,73.3254,0.7531,12.49932,0.0,0.0703,positive
1.51753315,13.19125,0.0,1.84064,72.9324,0.7452,12.49932,0.0,0.2334,positive
1.51632106,13.3368,3.56955,1.57079,72.8676,0.60858,7.89404,0.0,0.0,negative
1.51215232,12.991,3.47077,1.12139,72.9796,0.621,8.34596,0.0,0.1581,negative
1.52171992,11.56125,1.88131,1.56116,72.862,0.47196,11.41256,0.0,0.0,positive
1.51812068,12.95775,2.95891,1.42955,72.918,0.60237,8.78712,0.1386,0.0,negative
1.51788027,13.0002,1.88131,3.04097,73.8812,0.13041,11.56,0.0,0.0453,positive
1.52307192,12.29057,0.42694,1.56312,71.7056,0.26671,11.6678,0.1609,0.0,positive
1.51645608,11.02925,0.75659,1.55934,73.8812,1.56565,12.49932,0.0,0.1351,positive
1.523679,13.01349,0.30112,2.22633,73.3752,0.35967,12.49932,0.1514,0.0537,positive
1.52365622,15.79065,1.83192,1.31078,70.4316,0.3105,8.61496,1.67895,0.0,negative
1.51115,17.38,0.0,0.34136,75.41,0.0,6.64588,0.0,0.0,negative
1.51991121,13.24381,1.31006,2.81429,71.4562,0.33173,10.58162,0.0068,0.1107,positive
1.51777898,13.21045,3.38995,1.33004,72.7612,0.58995,8.59344,0.0,0.0,negative
1.51625272,13.35675,3.57853,1.49054,72.722,0.44712,8.20608,0.0,0.0,negative
1.52212996,14.20795,3.82099,0.46976,71.77,0.11178,9.5726,0.0,0.0,negative
1.523679,13.44046,0.0,3.04097,72.2864,1.11863,11.61226,0.0475,0.0,positive
1.51887242,14.99265,0.78126,1.74092,72.498,0.0,9.9492,0.0,0.0,negative
1.5277794,12.63855,0.0,0.66878,72.022,0.0621,14.40384,0.0,0.0,negative
1.5219705,14.3609,3.84793,0.89027,71.3612,0.14904,9.15296,0.0,0.0,negative
1.51595658,12.7915,3.60996,1.61894,72.9684,0.63963,8.0662,0.0,0.1326,negative
1.523679,12.47041,1.88131,3.04097,72.0646,0.13041,10.68527,0.0,0.0,positive
1.51609326,15.126,0.0,2.51132,73.0524,0.04968,8.83016,0.5292,0.0,negative
1.51751971,13.4432,1.88131,3.04097,72.879,0.13041,12.18316,0.0,0.0028,positive
1.52006984,12.68306,0.07609,3.04097,73.4933,0.13041,12.49932,0.0,0.0343,positive
1.51720948,12.8713,3.47975,1.33004,73.0412,0.5589,8.43204,0.0,0.0,negative
1.52241468,11.08519,0.0,1.86198,71.7961,0.53976,12.49932,0.0254,0.0,positive
1.51859906,13.35675,3.43036,1.42955,72.2628,0.50922,8.6042,0.0,0.0,negative
1.523679,12.83621,1.88131,3.04097,71.6852,1.21231,11.62558,0.009,0.0284,positive
1.51839404,12.85135,3.66833,1.24016,72.5708,0.621,8.67952,0.0,0.1785,negative
1.51768786,12.45235,2.71196,1.29152,73.702,0.5589,9.05612,0.0,0.1224,negative
1.51755118,13.1506,3.60996,1.05077,73.2372,0.57132,8.23836,0.0,0.0,negative
1.51618438,13.52965,3.55159,1.53869,72.9908,0.39123,7.77568,0.0,0.0,negative
1.51579099,12.61086,0.61421,2.09696,70.8044,0.69361,10.79331,0.0,0.0,positive
1.52247166,14.85965,2.2001,2.05871,70.258,0.75762,9.75552,0.0,0.0,negative
1.51397821,13.4432,0.62329,3.04097,71.8342,1.56787,9.34009,0.0112,0.0,positive
1.523679,12.9718,0.47496,1.67771,71.1801,0.13041,9.93838,0.0913,0.0257,positive
1.51602492,14.853,0.0,2.37971,73.282,0.0,8.75484,0.63945,0.459,negative
1.523679,13.17072,0.71546,2.12605,73.8812,0.9165,12.21167,0.0,0.1881,positive
1.51588824,13.11735,3.40791,1.58042,73.2596,0.06831,8.389,0.0,0.0969,negative
1.51755118,13.39,3.65935,1.1888,72.7892,0.57132,8.27064,0.0,0.0561,negative
1.51545296,13.33465,0.06848,1.88906,72.302,5.633,12.49932,0.0,0.0,positive
1.51871296,12.93115,3.65935,1.56116,72.5092,0.57753,8.5504,0.0,0.0612,negative
1.51424319,13.16982,1.88131,1.94615,72.5926,1.44571,12.15147,0.0168,0.0,positive
1.523679,13.05299,0.21181,3.04097,71.3751,0.13041,12.49932,0.0,0.0,positive
1.52176548,13.7491,1.01025,1.35893,72.19,0.32913,11.14356,0.0,0.0,negative
1.51761952,12.61195,3.592,1.31078,73.2876,0.57753,8.4966,0.0,0.0,negative
1.523679,12.68704,0.757,2.62489,71.7661,0.13041,11.95302,0.0,0.0,positive
1.51645774,13.40995,3.55159,1.24979,72.8116,0.6831,8.09848,0.0,0.0,negative
1.523679,12.65453,0.12143,2.2809,72.7783,0.13041,12.39842,0.0175,0.0252,positive
1.51408862,14.24785,3.08912,2.08118,72.2796,1.09917,7.07628,0.0,0.0,negative
1.52040083,12.83878,0.0,1.74574,71.2971,0.13041,10.10649,0.2139,0.0324,positive
1.5170728,13.7225,3.6818,1.81154,72.0612,0.63963,7.88328,0.0,0.0,negative
1.51818902,12.6186,2.76135,0.82928,73.8084,0.34776,9.42196,0.0,0.102,negative
1.52056155,12.76348,0.25518,3.04097,72.5002,0.36838,12.49932,0.007,0.0,positive
1.52166337,12.8015,0.60777,2.31425,70.9458,0.13041,12.49932,0.0535,0.0,positive
1.523679,13.4432,0.69479,1.63536,72.4941,0.34803,10.88548,0.0,0.0,positive
1.523679,12.61914,0.83019,2.38336,72.0865,0.13041,12.49932,0.0428,0.1001,positive
1.523679,12.49101,1.08315,1.64842,71.8192,0.21908,10.33929,0.0,0.0404,positive
1.52725546,13.8023,3.15198,0.65915,70.5716,0.08073,11.63852,0.0,0.0,negative
1.52613924,13.70255,0.0,1.35893,71.238,0.19251,13.43544,0.0,0.051,negative
1.523679,11.96643,1.88131,2.43042,72.2289,2.70246,11.44128,0.0026,0.0,positive
1.51919134,14.417,3.57853,1.36856,72.078,0.5589,8.30292,0.0,0.0,negative
1.51818902,13.7225,0.0,0.55964,74.4524,0.0,10.99292,0.0,0.0,negative
1.523679,13.4432,0.0,3.04097,72.7191,0.13041,11.38397,0.0539,0.0156,positive
1.51793844,13.21045,3.47975,1.41029,72.638,0.58995,8.43204,0.0,0.0,negative
1.53393,12.2994,0.0,0.99941,70.1628,0.11799,16.19,0.0,0.1224,negative
1.51800678,13.7092,3.92875,1.53869,71.8092,0.54027,8.20608,0.0,0.0765,negative
1.523679,12.65436,1.88131,1.92111,70.482,0.85983,12.28353,0.0,0.0,positive
1.5180737,13.4432,1.88131,1.60526,73.5855,2.58643,10.31338,0.1167,0.0,positive
1.523679,13.13041,0.79802,1.87981,71.227,0.53676,12.49932,0.2394,0.0438,positive
1.51973915,13.43598,1.08936,2.05267,73.8409,0.39583,12.49932,0.001,0.0,positive
1.51805234,12.99765,3.79854,1.07966,73.0692,0.5589,8.37824,0.0,0.0612,negative
1.523679,12.45443,0.19471,2.47351,72.0148,0.13041,10.56667,0.02,0.2601,positive
1.52226664,14.16805,3.81201,0.78113,71.35,0.0,9.69096,0.0,0.0,negative
1.51922432,12.56854,0.48928,3.04097,70.8107,6.21,11.27786,0.0,0.0,positive
1.51651034,12.59731,0.72171,3.04097,73.7281,6.21,12.49932,0.0131,0.059,positive
1.51663998,13.1373,3.44832,1.76018,72.4812,0.60237,8.37824,0.0,0.0867,negative
1.51315464,12.77231,0.26526,1.97872,73.4485,6.21,12.40196,0.0141,0.0681,positive
1.5193508,13.6427,3.53812,0.74903,72.6492,0.16146,8.89472,0.1512,0.1224,negative
1.51761952,12.79815,3.65935,1.26905,73.0076,0.60237,8.56116,0.0,0.0,negative
1.5196925,14.5604,0.0,0.55964,73.478,0.0,11.21888,0.0,0.0,negative
1.5177562,12.85135,3.47975,1.23053,72.9684,0.60858,8.56116,0.09135,0.1122,negative
1.51796161,11.66248,1.13563,2.42377,73.8812,0.13041,12.49932,0.0,0.1754,positive
1.523679,12.28354,0.0,3.04097,72.1099,0.20894,12.49932,0.0663,0.0276,positive
1.52161435,12.70247,0.0,2.18845,72.4464,1.10218,8.57115,0.0,0.0,positive
1.51641527,11.43147,0.01331,3.04097,73.1476,0.13041,9.46034,0.0217,0.0546,positive
1.51609326,13.42325,3.39893,1.2209,72.6884,0.58995,8.32444,0.0,0.0,negative
1.51509094,15.15225,0.0,2.25131,73.5004,0.0,8.3352,0.63,0.0,negative
1.51315464,12.57026,1.88131,2.22243,71.8765,0.51237,10.71059,0.0337,0.0,positive
1.523679,13.4186,1.88131,2.27476,72.2273,0.89325,12.49932,0.0,0.0,positive
1.52017404,13.00798,0.3357,3.04097,73.6003,5.35461,12.49932,0.2394,0.0075,positive
1.51622994,14.14145,0.0,2.88047,72.61,0.08073,9.18524,1.06155,0.0,negative
1.51990954,12.45106,0.36181,2.39856,72.2146,0.7678,12.49932,0.0,0.0222,positive
1.52299351,12.6805,0.27902,3.04097,73.4294,1.65041,9.93295,0.2394,0.0541,positive
1.52206084,12.7468,0.92256,3.04097,73.7336,0.13041,10.20798,0.0183,0.0418,positive
1.51782454,12.69175,3.53812,1.33967,72.9516,0.57132,8.75484,0.0,0.0,negative
1.51694084,12.6335,0.0,2.99173,73.0371,2.05253,12.49932,0.0,0.0549,positive
1.5162755,12.99765,3.57853,1.53869,72.8284,0.60858,8.04468,0.0,0.0,negative
1.5191658,12.0099,0.61894,2.30356,72.7806,1.74899,12.49932,0.1603,0.0367,positive
1.51750562,12.81145,3.56955,1.3493,73.0188,0.621,8.59344,0.0,0.0,negative
1.52090431,12.8651,1.88131,2.894,72.3378,6.21,10.66954,0.0,0.0412,positive
1.51686778,13.2304,3.53812,1.48091,72.8396,0.5589,8.09848,0.0,0.0,negative
1.52183466,13.20063,0.25052,2.52233,72.897,0.96095,6.92564,0.0,0.0,positive
1.51591102,13.23705,3.34056,1.47128,73.0972,0.39123,8.21684,0.0,0.0,negative
1.51869018,13.1905,3.37199,1.17917,72.722,0.57132,8.83016,0.0,0.0816,negative
1.5175284,12.57205,3.47077,1.3814,73.3884,0.60237,8.5504,0.0,0.0306,negative
1.51916856,14.1481,0.0,2.09081,72.7388,0.0,10.88532,0.0,0.0,negative
1.51732338,14.95275,0.0,1.7987,72.9908,0.0,8.61496,1.5498,0.0,negative
1.51645774,14.93945,0.0,1.86932,73.1084,0.0,8.66876,1.3797,0.0,negative
1.52243888,12.29008,0.50284,1.40066,73.3527,1.33909,12.49932,0.0242,0.0787,positive
1.51299518,14.4008,1.74212,1.53869,74.5476,0.0,7.59276,0.0,0.0,negative
1.52065757,12.96571,0.79662,2.03448,71.9674,1.28079,11.69277,0.0228,0.0553,positive
1.51531874,14.38085,0.0,2.65898,73.0972,0.03726,9.07764,0.63945,0.0,negative
1.51566044,13.29025,3.44832,1.21127,72.7388,0.5589,8.57192,0.0,0.0,negative
1.51591102,13.0176,3.57853,1.5098,73.1196,0.68931,7.9586,0.0,0.0,negative
1.52126432,14.321,3.90181,0.82928,71.5012,0.0,9.48652,0.0,0.0,negative
1.51910022,13.90205,3.73119,1.17917,72.1228,0.0621,8.89472,0.0,0.0,negative
1.523679,13.30688,0.0,3.04097,72.7166,0.61487,11.66071,0.0494,0.0,positive
1.5173977,12.67629,0.885,1.80507,73.8812,0.99113,12.49932,0.0,0.0241,positive
1.51976084,13.80895,3.57853,1.32041,71.7196,0.11799,8.66876,0.68985,0.0,negative
1.51711836,14.2279,0.0,2.08118,73.3604,0.0,8.61496,1.6695,0.0,negative
1.52739214,11.0226,0.0,0.74903,73.0804,0.0,14.96336,0.0,0.0,negative
1.5160477,12.8979,3.43934,1.44881,73.58,0.44091,8.27064,0.0,0.0,negative
1.523679,13.4432,1.88131,1.57371,70.482,0.67054,11.59352,0.0,0.0192,positive
1.51735415,12.37443,1.08613,2.30954,72.5105,0.6009,10.75467,0.227,0.0372,positive
1.5196925,12.63855,0.0,1.65104,73.7524,0.37881,11.53092,0.0,0.0,positive
1.5215149,11.02925,1.71069,1.56116,73.4388,0.57753,11.617,0.0,0.0,positive
1.523679,13.4432,0.0,2.25882,72.8672,1.28015,12.49932,0.0,0.0253,positive
1.523679,11.69779,0.0,2.2785,71.4798,1.26885,12.10936,0.2148,0.0204,positive
1.5159338,13.09075,3.52016,1.55153,72.8676,0.6831,8.04468,0.0,0.459,negative
1.51689056,12.6718,2.87809,1.70882,73.2092,0.73278,8.53964,0.0,0.0,negative
1.52289435,12.98098,0.0,2.35032,70.482,0.13041,10.75658,0.2394,0.0259,positive
1.51591102,12.858,3.52016,2.1197,72.6604,0.68931,7.96936,0.0,0.0,negative
1.51670832,13.23705,3.56955,1.3814,72.6996,0.5589,8.4428,0.0,0.051,negative
1.52055183,12.73874,1.88131,2.23292,71.8756,0.43098,12.49932,0.1109,0.2601,positive
1.51841682,13.0176,3.61894,1.0604,72.3412,0.63963,9.13144,0.0,0.0765,negative
1.523679,12.22329,0.0,1.40066,70.8927,0.13041,12.49229,0.0,0.0,positive
1.51709558,12.99765,3.47077,1.78907,72.722,0.65826,8.18456,0.0,0.0,negative
1.51734616,13.0176,3.53812,1.68956,72.7276,0.54027,8.4428,0.0,0.0357,negative
1.5178701,12.73165,3.43036,1.1888,72.9516,0.621,8.75484,0.0,0.153,negative
1.51654886,13.40995,3.38995,1.27868,72.638,0.52164,8.64724,0.0,0.0,negative
1.5167311,12.8713,3.56057,1.64141,73.142,0.65205,7.99088,0.0,0.0,negative
1.51663998,12.93115,3.53812,1.61894,72.9572,0.63963,8.03392,0.0,0.1071,negative
1.52133568,13.4432,0.14856,2.4984,71.7334,1.43817,10.72691,0.2394,0.0371,positive
1.52241848,13.4432,1.46276,1.83395,73.1719,1.63913,11.71985,0.0095,0.0441,positive
1.523679,13.11583,1.88131,3.04097,73.8386,0.84612,10.96916,0.0113,0.1842,positive
1.523679,12.8204,0.0,2.6142,70.482,0.13041,12.49932,0.0066,0.0,positive
1.53124196,10.73,0.0,2.10044,69.81,0.57753,13.29556,3.15,0.1428,negative
1.51643496,12.15975,3.52016,1.3493,72.89,0.57132,8.52888,0.0,0.0,negative
1.523679,13.4432,0.0,2.23927,73.8812,1.51035,9.14128,0.0333,0.0,positive
1.5159338,13.25035,3.44832,1.42955,73.17,0.60858,7.86176,0.0,0.0,negative
1.52199265,12.49456,0.0,2.50032,72.4787,1.80482,9.25066,0.0,0.0523,positive
1.52208127,11.78995,0.33816,1.40066,72.5012,1.78858,10.1526,0.0625,0.0396,positive
1.52182437,13.0931,0.0,2.21976,73.8159,6.21,12.49932,0.0,0.0088,positive
1.51705669,13.28075,1.88131,2.67425,73.8812,0.13041,11.7955,0.2394,0.0,positive
1.52101074,12.64223,0.29578,2.09698,73.8812,0.78079,12.49932,0.0,0.0399,positive
1.51727782,14.70005,0.0,2.34119,73.282,0.0,8.94852,0.6615,0.0,negative
1.5159995,11.4845,0.99131,1.93691,73.8812,2.67488,11.34597,0.0,0.0132,positive
1.51315464,13.0176,0.0,3.04097,70.482,6.21,6.95792,0.0,0.0,positive
1.51315464,11.82798,1.15608,1.40066,73.2083,1.16347,12.49932,0.2394,0.0698,positive
1.51659442,12.991,3.17892,1.23053,72.9684,0.57753,8.80864,0.0,0.1224,negative
1.52320062,13.7225,3.72221,0.51149,71.7476,0.08694,10.568,0.0,0.0816,negative
1.51761952,13.88875,3.60098,1.35893,72.7276,0.47817,7.82948,0.0,0.0,negative
1.51563534,12.94954,1.16019,1.72241,72.627,2.08616,9.86246,0.0,0.2601,positive
1.523679,11.02925,0.0,2.0042,72.1664,1.10002,8.48771,0.2394,0.0014,positive
1.51568322,13.23705,3.48873,1.47128,73.2484,0.37881,8.03392,0.0,0.0,negative
1.51657164,14.7998,0.0,1.9913,73.1084,0.0,8.2814,1.71045,0.0,negative
1.52088464,12.70546,0.0,1.76879,71.2841,0.13041,12.49932,0.0149,0.2601,positive
1.523679,13.4432,0.58951,3.04097,72.3008,2.8562,9.3711,0.0001,0.0371,positive
1.51591102,12.8181,3.52016,1.90142,72.862,0.68931,7.96936,0.0,0.0,negative
1.52195731,12.44882,0.02458,2.37518,73.6126,0.13041,12.41223,0.0392,0.0,positive
1.51315464,13.3413,0.10104,2.23044,73.4117,6.21,12.19369,0.0063,0.0,positive
1.5223018,13.02546,1.88131,3.04097,73.8812,1.4255,12.49932,0.0104,0.0,positive
1.5166545,12.27289,0.0,2.40261,71.9577,6.21,11.67255,0.0009,0.0,positive
1.5165033,14.38085,0.0,1.93994,73.6124,0.0,8.47508,1.5687,0.0,negative
1.51616396,13.4223,1.13332,1.67996,73.3276,1.93501,10.17129,0.0,0.0439,positive
1.523679,11.95879,0.0,1.81624,72.576,0.13041,10.99812,0.0283,0.0,positive
1.51905466,14.0018,2.38868,1.56116,72.3692,0.0,9.5726,0.0,0.0,negative
1.523679,13.4432,0.0,3.04097,71.1161,1.79948,12.26883,0.0,0.0,positive
1.52212996,14.20795,3.82099,0.46976,71.77,0.11178,9.5726,0.0,0.0,negative
1.52019366,13.98185,1.35149,1.62857,71.7588,0.39123,10.56252,0.0,0.51,negative
1.51577013,12.99096,0.51386,2.61162,72.905,0.13041,12.49932,0.0,0.0367,positive
1.523679,13.0597,1.88131,3.04097,72.9472,6.21,12.49932,0.0392,0.0,positive
1.51749906,12.24862,1.1622,2.26669,72.9211,2.24064,10.45516,0.007,0.0437,positive
1.5167311,13.2969,3.64139,1.52906,72.5316,0.65205,8.03392,0.0,0.1479,negative
1.51474655,13.4432,0.33506,2.30175,73.7223,1.13201,9.43929,0.0,0.0,positive
1.52112741,12.44669,0.2375,1.40066,71.3685,0.20844,10.61724,0.0,0.0995,positive
1.523679,11.02925,0.43003,3.04097,72.9669,1.69792,11.86948,0.026,0.0159,positive
1.52067204,13.5496,2.08785,1.6703,72.1788,0.52785,9.5726,0.2709,0.0867,negative
1.51629828,12.7117,3.33158,1.49054,73.282,0.67068,8.23836,0.0,0.0,negative
1.52127145,12.15076,0.22528,1.99425,73.8812,0.13041,11.9203,0.0,0.0958,positive
1.515706,12.71835,3.46179,1.56116,73.198,0.67068,8.08772,0.0,0.1224,negative
1.51666276,12.9378,3.60996,1.25942,72.75,0.5589,8.6042,0.0,0.0,negative
1.523679,12.41728,1.04245,2.07603,72.9315,0.13041,11.22928,0.0111,0.0666,positive
1.51572878,14.85965,3.66833,1.74092,71.8708,0.16146,7.35604,0.0,0.0612,negative
1.5159671,12.68484,0.25204,2.17948,72.4661,0.13041,11.58913,0.0055,0.1649,positive
1.51604714,12.72009,0.90422,2.03783,73.8812,2.19726,12.35148,0.0415,0.118,positive
1.52121876,14.0284,3.75813,0.5789,71.7924,0.11178,9.64792,0.0,0.0,negative
1.52119598,12.97105,0.32777,1.5098,73.3884,0.13041,11.27268,0.0,0.1428,positive
1.51781903,13.15654,0.0,1.72516,72.4117,1.4137,6.92564,0.0302,0.0509,positive
1.52171992,13.4831,3.74017,0.8999,72.0108,0.18009,9.60488,0.0,0.0357,negative
1.523679,13.4432,0.0,2.26,73.5397,6.21,10.59679,0.0286,0.0036,positive
1.51848516,13.6427,3.87038,1.26905,71.9604,0.54027,8.32444,0.0,0.1632,negative
1.52047873,12.80706,0.0,1.61035,71.8856,2.76781,10.39808,0.0476,0.0538,positive
1.51689056,13.33015,3.53812,1.60931,72.5428,0.6831,8.10924,0.0,0.0,negative
1.5132002,12.99765,0.0,3.0185,70.7004,6.21,6.92564,0.0,0.0,positive
1.5266404,11.22875,0.0,0.7715,73.2092,0.0,14.6836,0.0,0.0,negative
1.52064926,14.3609,0.0,2.02019,73.422,0.0,8.4428,1.64115,0.0,negative
1.51784732,12.67845,3.66833,1.15991,73.1084,0.60858,8.70104,0.0,0.0,negative
1.51784732,13.7745,3.48873,1.27868,72.862,0.60237,8.48584,0.0,0.0,negative
1.51743728,13.2969,3.60098,1.14065,73.0916,0.57753,8.1738,0.0,0.0,negative
1.516845,14.9195,0.0,1.9913,73.58,0.0,8.39976,1.59075,0.0,negative
1.5183257,13.33015,3.34056,1.53869,72.1396,0.5589,8.99156,0.0,0.0,negative
1.52188527,12.07316,0.70165,3.04097,71.6969,0.13041,6.92564,0.0383,0.0832,positive
1.51828014,14.46065,2.24051,1.61894,72.3804,0.0,9.26056,0.0,0.0,negative
1.51763832,12.38652,0.86145,2.31251,73.7343,0.9643,10.16289,0.024,0.0229,positive
1.52052697,12.55772,0.27552,1.40066,71.4077,2.40566,12.49932,0.0,0.0,positive
1.51609326,13.33015,3.52914,1.33967,72.6716,0.5589,8.3352,0.0,0.0,negative
1.523679,12.91322,0.0,3.04097,73.729,0.13041,12.49932,0.0293,0.0,positive
1.5174145,13.2703,3.61894,1.24016,73.0804,0.55269,8.0662,0.0,0.0,negative
1.523679,13.01773,0.25038,3.04097,72.6849,0.13041,6.92564,0.0,0.0,positive
1.51711836,12.89125,3.61894,1.57079,72.9572,0.60858,8.10924,0.0,0.0,negative
1.51713152,12.44884,0.0,2.31485,72.9938,0.81233,11.17716,0.0939,0.0,positive
1.51837126,14.321,3.25974,2.21921,71.2492,1.45935,5.78508,1.62855,0.0,negative
1.5228925,12.65913,0.02185,3.04097,73.4217,1.05811,11.68785,0.0,0.0423,positive
1.51595658,13.0176,3.56057,1.53869,73.1084,0.72036,7.9048,0.0,0.0,negative
1.51750562,12.8181,3.55159,1.49054,72.75,0.54027,8.51812,0.0,0.0969,negative
1.51828014,13.23705,3.90181,1.41029,72.33,0.55269,8.31368,0.0,0.051,negative
1.51878005,12.65464,0.0,3.04097,71.8444,0.13041,12.49932,0.0,0.0193,positive
1.51315464,12.03151,1.13452,2.31324,71.6503,2.74439,11.4519,0.0,0.0173,positive
1.51693612,12.858,3.57853,1.31078,72.61,0.60858,8.78712,0.0,0.0,negative
1.51755118,13.4831,3.74017,1.16954,72.9908,0.58995,8.03392,0.0,0.0,negative
1.523679,13.4432,0.0,2.00275,73.3928,4.63989,9.99798,0.0,0.0187,positive
1.51768786,13.64935,3.65935,1.10855,72.7724,0.11178,8.6042,0.0,0.0,negative
1.52138015,13.32593,0.0,1.79399,73.8812,0.23738,11.26872,0.03,0.0499,positive
1.523679,11.85236,0.80488,2.06005,71.8164,0.13041,12.14473,0.2394,0.0035,positive
1.52099096,13.68925,3.592,1.12139,71.9604,0.08694,9.40044,0.0,0.0,negative
1.51588824,12.87795,3.43036,1.40066,73.282,0.68931,8.04468,0.0,0.1224,negative
1.523679,12.04847,1.88131,2.25073,72.6044,6.21,12.49932,0.0,0.0214,positive
1.51812068,13.4299,3.97814,1.17917,72.4924,0.57753,8.15228,0.0,0.0,negative
1.52261024,12.80756,0.0,2.38663,72.0451,2.01319,12.49932,0.2394,0.0,positive
1.51864212,12.32381,0.27503,2.37365,73.8812,1.34893,10.13756,0.0494,0.0603,positive
1.523679,13.11574,0.0,3.04097,72.2301,1.49021,12.00655,0.0,0.0016,positive
1.51622994,14.2013,0.0,2.79059,73.4612,0.03726,9.04536,0.40005,0.459,negative
1.52408904,13.8289,2.90054,1.16954,71.1484,0.08073,10.78848,0.0,0.0,negative
1.523679,13.13062,0.01887,2.92304,71.7975,0.67759,12.49932,0.0,0.0,positive
1.51966972,14.7732,3.74915,0.29,72.022,0.03105,9.00232,0.0,0.0,negative
1.51768786,12.55875,3.52016,1.42955,73.1476,0.57132,8.53964,0.0,0.0,negative
1.52171992,13.5097,3.8614,0.88064,71.7924,0.22977,9.54032,0.0,0.0561,negative
1.523679,13.4432,0.51127,2.26525,73.6566,2.10763,12.49932,0.0,0.0,positive
1.52296829,11.02925,0.25997,2.12986,71.2888,0.13041,12.49932,0.0373,0.0,positive
1.5215149,13.05085,3.65037,0.87101,72.3188,0.19251,9.85236,0.0,0.0867,negative
1.51735053,12.534,0.0,2.42758,73.8351,0.13041,12.49932,0.2394,0.0519,positive
1.523679,13.3482,1.88131,2.54993,72.0442,0.13041,12.22335,0.0529,0.2418,positive
1.51853912,13.4432,1.88131,2.07442,72.7717,0.13041,9.82874,0.0129,0.0213,positive
1.52315506,13.4432,3.34056,1.23053,72.3804,0.60237,8.83016,0.0,0.0,negative
1.51556422,13.38002,0.32407,3.04097,72.2188,2.13513,11.00377,0.0,0.0743,positive
1.51796122,13.50305,3.35852,1.62857,71.938,0.57132,8.80864,0.0,0.459,negative
1.51777898,13.21045,2.81074,1.29152,72.9796,0.50922,9.02384,0.0,0.459,negative
1.52210718,14.188,3.78058,0.90953,71.3612,0.22977,9.1422,0.0,0.1887,negative
1.5167311,12.7915,3.52016,1.53869,73.3604,0.65826,7.9048,0.0,0.0,negative
1.51898632,13.58285,3.34954,1.23053,72.078,0.58995,8.90548,0.0,0.0,negative
1.5190091,13.48975,3.47975,1.3493,71.9492,0.55269,9.00232,0.0,0.0,negative
1.51746006,12.83805,3.5022,1.14065,73.2708,0.5589,8.5504,0.0,0.0,negative
1.51613882,13.8821,1.77804,1.78907,73.0972,0.0,8.66876,0.75915,0.0,negative
1.52101374,13.6427,4.49,1.09892,71.7812,0.0621,8.75484,0.0,0.0,negative
1.523679,13.31834,0.98431,2.31544,73.6967,4.92662,9.0232,0.0,0.0,positive
1.523679,12.45322,0.0,1.99805,70.9825,1.02895,12.44828,0.0351,0.0354,positive
1.51405477,12.48401,1.147,2.81587,71.7707,1.76069,12.49932,0.0182,0.1922,positive
1.52301218,12.22281,0.51554,3.04097,73.4422,0.36283,12.43382,0.0175,0.0,positive
1.5158926,11.93918,0.48886,2.06195,71.0265,1.35401,12.49932,0.0,0.0,positive
1.5231863,12.31304,1.88131,2.06516,71.7574,0.13041,12.49932,0.0098,0.2601,positive
1.523679,13.34153,1.21326,1.67696,73.2433,2.38601,12.49932,0.0,0.0891,positive
1.51315464,12.16214,0.0,3.04097,70.9867,0.13041,12.49932,0.0063,0.0722,positive
1.52343917,13.4432,1.66525,2.0622,72.2771,0.43042,12.314,0.0,0.2446,positive
1.51820089,13.14949,0.0,1.95974,71.9548,1.60299,12.49932,0.0635,0.0173,positive
1.51879237,12.05725,0.19144,2.38514,73.8812,6.21,11.72759,0.0,0.0561,positive
1.523679,13.005,0.0,1.74204,70.6922,0.76004,12.19363,0.0,0.0,positive
1.51867417,13.28497,0.0,1.90628,71.7051,0.13041,10.85685,0.0,0.0,positive
1.523679,12.38376,1.88131,1.97078,72.4438,0.96711,10.40645,0.0304,0.2065,positive
1.51556932,13.8688,0.0,2.54021,73.2316,0.14283,9.4112,0.80955,0.0051,negative
1.52666318,13.9885,3.69976,0.71051,71.5684,0.01863,9.82008,0.0,0.051,negative
1.523679,12.31356,0.45646,2.41611,73.4258,1.41522,11.28814,0.0,0.032,positive
1.51994308,13.2703,0.0,1.76018,73.03,0.47196,11.31572,0.0,0.0,positive
1.51968387,13.4432,0.0,2.41424,73.2002,0.13041,11.78676,0.0,0.001,positive
1.51812068,13.33015,3.84793,1.24979,72.778,0.52164,8.12,0.0,0.0,negative
1.51736894,12.7782,3.61894,1.29152,72.7892,0.58995,8.70104,0.0,0.0,negative
1.5176423,12.9777,3.53812,1.21127,73.002,0.65205,8.52888,0.0,0.0,negative
1.51807512,13.4299,2.86911,1.1888,72.8396,0.55269,9.0346,0.0,0.0,negative
1.51618438,13.01095,3.5022,1.48091,72.89,0.60237,8.12,0.0,0.0,negative
1.51406287,12.31168,1.88131,2.58413,72.7879,0.38525,11.7656,0.043,0.0,positive
1.51761952,12.81145,3.53812,1.23053,73.2372,0.57753,8.389,0.0,0.0,negative
1.51924409,13.4432,0.84455,3.04097,73.8812,0.13041,12.49932,0.0,0.0666,positive
1.5159338,13.09075,3.592,1.51943,73.0972,0.67068,7.82948,0.0,0.0,negative
1.51748284,12.858,3.56057,1.26905,73.2092,0.54027,8.37824,0.0,0.0867,negative
1.51938065,12.45544,0.98313,3.04097,71.6239,0.36631,10.76112,0.0228,0.1829,positive
1.52158519,12.7577,0.0,2.37775,73.8812,0.8685,12.22111,0.0146,0.0542,positive
1.51720948,13.3767,3.5022,1.15028,72.8508,0.50301,8.43204,0.0,0.0,negative
1.52106677,12.75285,0.27103,3.04097,72.5193,1.22007,11.40719,0.0288,0.0859,positive
1.52474966,11.4482,0.0,1.87895,72.19,0.8073,13.24176,0.0,0.1734,negative
1.523679,12.57263,0.0,3.04097,70.482,0.13041,12.49932,0.2394,0.009,positive
1.5161616,14.95275,0.0,2.27057,73.2988,0.0,8.7118,0.67095,0.0,negative
1.523679,13.4432,0.0,2.10812,72.1057,0.13041,12.49932,0.0,0.0417,positive
1.51645774,13.03755,3.39893,1.25942,73.0076,0.52164,8.58268,0.0,0.0,negative
1.523679,12.67959,1.8346,2.34351,73.2123,1.16757,12.49932,0.0083,0.03,positive
1.51775046,13.33761,1.19828,2.17665,72.4203,1.61498,8.56034,0.0,0.0683,positive
1.52062332,13.4432,0.56426,2.21452,73.8812,1.74398,11.71733,0.0,0.0676,positive
1.52161555,12.75875,0.12395,3.04097,72.1071,2.08795,10.0982,0.0256,0.0441,positive
1.51768786,12.65185,3.56057,1.30115,73.0804,0.60858,8.69028,0.0,0.0714,negative
1.5215149,13.11735,3.57853,0.8999,72.2012,0.22977,9.82008,0.0,0.0816,negative
1.51830292,14.3875,0.0,1.82117,72.862,1.40967,6.47372,2.8791,0.0,negative
1.52042146,13.3767,0.0,1.40066,72.2516,0.32913,12.49932,0.0,0.0,positive
1.52243809,12.33309,0.83398,1.68792,73.2337,6.00304,6.92564,0.2394,0.0188,positive
1.51666276,12.858,0.0,1.8308,73.8812,0.96876,10.17516,0.0,0.0,positive
1.5151365,14.853,0.0,2.42144,73.7188,0.0,8.389,0.5607,0.0,negative
1.51766508,13.21045,3.69078,1.29152,72.61,0.57132,8.21684,0.0,0.0,negative
1.51796122,12.7383,3.47975,1.3493,72.9572,0.63963,8.67952,0.0,0.0,negative
1.523679,12.74359,0.0,3.04097,73.1254,1.07005,12.49932,0.0193,0.0155,positive
1.52264386,12.08882,1.05433,3.04097,72.4504,0.55333,12.49932,0.0,0.1044,positive
1.5215149,13.05085,3.65037,0.87101,72.218,0.19251,9.85236,0.0,0.0867,negative
1.51626111,12.58619,0.0,3.04097,72.4644,1.79553,10.14037,0.044,0.0,positive
1.51130946,13.68925,3.20137,1.81154,72.8116,1.75743,5.43,1.1907,0.0,negative
1.5147158,13.09973,0.0,3.04097,70.6388,0.13041,11.12888,0.0297,0.0541,positive
1.52058092,12.85135,1.61191,2.17106,72.1788,0.75762,9.70172,0.2394,0.2601,positive
1.52138098,11.92348,1.88131,3.04097,71.2022,0.13041,11.41575,0.0,0.0,positive
1.523679,13.4432,0.51664,2.17034,72.0491,0.32531,11.74932,0.049,0.2601,positive
1.52341215,12.60512,0.21315,2.63078,71.402,1.67723,10.02131,0.1724,0.0396,positive
1.523679,13.25861,1.6577,1.73306,72.6819,0.95591,11.47678,0.0882,0.0248,positive
1.51937358,13.789,2.41113,1.1888,72.7612,0.0,9.76628,0.0,0.0,negative
1.5177562,13.52965,3.40791,1.51943,72.0388,0.57753,8.78712,0.0,0.0,negative
1.51853072,14.08825,2.19112,1.66067,72.6716,0.0,9.32512,0.0,0.0,negative
1.5184396,13.25035,3.75813,1.32041,72.4028,0.57753,8.42128,0.0,0.0,negative
1.51743728,12.19965,3.25076,1.15991,73.5508,0.621,8.89472,0.0,0.1224,negative
1.51796509,12.87974,1.88131,2.64833,73.29,1.78306,11.20254,0.0,0.0,positive
1.5187935,12.01198,0.0,2.40613,73.313,0.13041,10.59705,0.0,0.038,positive
1.52176548,13.19715,3.6818,1.15028,72.75,0.54027,8.51812,0.0,0.0,negative
1.51532258,13.4432,0.49269,2.14087,71.5247,3.36645,12.49932,0.004,0.0269,positive
1.51837126,13.1373,2.84217,1.27868,72.8508,0.55269,9.06688,0.0,0.0,negative
1.523679,13.4432,0.0,1.58042,72.218,0.32292,12.24108,0.0,0.0,positive
1.51850794,13.19715,3.62792,1.07003,72.8284,0.57132,8.41052,0.09135,0.0867,negative
1.5166172,12.85135,3.51118,1.43918,73.0076,0.6831,8.2276,0.5985,0.1275,negative
1.523679,13.24207,0.23508,3.04097,72.2936,3.1557,9.40415,0.0,0.0441,positive
1.523679,12.77819,1.64397,1.51321,73.7339,1.26493,11.34514,0.0,0.0,positive
1.52222108,14.4274,0.0,0.99941,72.6716,0.09936,11.52016,0.0,0.0408,negative
