1.51734616,13.0176,3.53812,1.68956,72.7276,0.54027,8.4428,0.0,0.0357,negative
1.51999063,15.75746,0.0,1.27184,73.4638,0.0,9.53574,1.21767,0.0,positive
1.51629828,12.7117,3.33158,1.49054,73.282,0.67068,8.23836,0.0,0.0,negative
1.51736991,14.63562,3.34056,1.37775,73.6632,0.45974,9.12207,0.29334,0.0075,positive
1.51905466,13.6028,3.61894,1.10855,72.638,0.14283,8.75484,0.0,0.0,negative
1.51669187,12.97789,3.30314,1.86815,73.5097,0.52676,8.33101,2.08384,0.0658,positive
1.51299834,13.61432,0.13597,1.23867,73.4867,0.28278,8.4897,0.4428,0.0535,positive
1.5161616,14.95275,0.0,2.27057,73.2988,0.0,8.7118,0.67095,0.0,positive
1.51718615,15.19534,3.34056,1.1888,73.4831,0.41629,8.07574,1.87421,0.0951,positive
1.51138744,14.82932,0.04604,2.02558,73.8566,2.70135,7.48532,1.704,0.459,positive
1.51871296,12.93115,3.65935,1.56116,72.5092,0.57753,8.5504,0.0,0.0612,negative
1.51898632,13.58285,3.34954,1.23053,72.078,0.58995,8.90548,0.0,0.0,negative
1.51602518,13.62203,3.23507,2.30204,73.7566,0.03784,9.25218,0.16922,0.0708,positive
1.5167311,12.8713,3.56057,1.64141,73.142,0.65205,7.99088,0.0,0.0,negative
1.51670505,14.54203,0.07799,1.47846,73.4698,1.74729,9.26452,1.58727,0.0459,positive
1.5167311,12.7915,3.52016,1.53869,73.3604,0.65826,7.9048,0.0,0.0,negative
1.51805234,12.99765,3.79854,1.07966,73.0692,0.5589,8.37824,0.0,0.0612,negative
1.51654886,13.40995,3.38995,1.27868,72.638,0.52164,8.64724,0.0,0.0,negative
1.52176548,13.7491,1.01025,1.35893,72.19,0.32913,11.14356,0.0,0.0,negative
1.51590877,14.27706,0.69511,2.14125,72.7044,0.45792,8.27988,0.0,0.044,positive
1.5166172,12.85135,3.51118,1.43918,73.0076,0.6831,8.2276,0.5985,0.1275,negative
1.51645774,13.03755,3.39893,1.25942,73.0076,0.52164,8.58268,0.0,0.0,negative
1.51673409,12.18438,0.64831,2.27326,73.9399,0.32982,5.62198,1.3731,0.0296,positive
1.51418115,14.18761,0.0,2.47413,72.6962,0.02325,9.09869,0.0,0.0583,positive
1.52099096,13.68925,3.592,1.12139,71.9604,0.08694,9.40044,0.0,0.0,negative
1.51625272,13.35675,3.57853,1.49054,72.722,0.44712,8.20608,0.0,0.0,negative
1.51779207,12.81378,2.48463,1.75759,73.8466,0.02925,8.70668,0.0,0.0718,positive
1.51856614,13.10254,2.57647,2.68102,73.2354,2.63931,9.05808,0.23256,0.0321,positive
1.51853072,14.08825,2.19112,1.66067,72.6716,0.0,9.32512,0.0,0.0,negative
1.5123413,11.94695,0.0,1.39216,73.3593,0.6821,8.84832,0.47261,0.1019,positive
1.51509094,15.15225,0.0,2.25131,73.5004,0.0,8.3352,0.63,0.0,positive
1.51410647,14.36662,0.0,2.88047,73.2269,0.36222,8.40371,0.0,0.062,positive
1.5219705,14.3609,3.84793,0.89027,71.3612,0.14904,9.15296,0.0,0.0,negative
1.51645774,13.4432,3.60996,1.53869,72.3916,0.65826,8.03392,0.0,0.0,negative
1.5138214,11.94695,3.34056,1.34535,72.8911,0.36762,5.61414,0.0,0.0369,positive
1.51603432,14.67182,3.22992,1.99834,73.7711,0.0,8.4685,0.0,0.0517,positive
1.52365622,15.79065,1.83192,1.31078,70.4316,0.3105,8.61496,1.67895,0.0,positive
1.5162433,14.00758,0.0,1.1888,73.7897,0.18568,8.24949,1.22387,0.0,positive
1.52171992,13.4831,3.74017,0.8999,72.0108,0.18009,9.60488,0.0,0.0357,negative
1.5277794,12.63855,0.0,0.66878,72.022,0.0621,14.40384,0.0,0.0,negative
1.51869018,13.1905,3.37199,1.17917,72.722,0.57132,8.83016,0.0,0.0816,negative
1.51750562,12.8181,3.55159,1.49054,72.75,0.54027,8.51812,0.0,0.0969,negative
1.51130946,13.68925,3.20137,1.81154,72.8116,1.75743,5.43,1.1907,0.0,positive
1.51711836,14.2279,0.0,2.08118,73.3604,0.0,8.61496,1.6695,0.0,positive
1.5170728,13.4831,3.47975,1.70882,72.5204,0.621,7.99088,0.0,0.0,negative
1.51645774,13.40995,3.55159,1.24979,72.8116,0.6831,8.09848,0.0,0.0,negative
1.51571634,11.94695,3.34056,1.1888,73.3979,0.25415,8.81375,0.91904,0.0793,positive
1.51925968,13.19715,3.33158,1.27868,72.358,0.60237,9.1422,0.0,0.0561,negative
1.51652608,13.5629,3.56955,1.47128,72.4476,0.63963,7.9586,0.0,0.0,negative
1.51225614,11.94695,0.27445,2.31597,73.8876,0.11688,8.62724,0.82492,0.0,positive
1.51818902,12.6186,2.76135,0.82928,73.8084,0.34776,9.42196,0.0,0.102,negative
1.51655742,14.60717,0.37453,2.16902,70.6413,0.0,7.59581,1.02283,0.0664,positive
1.51203716,12.4851,0.18737,1.67424,74.2184,2.65186,9.30338,2.60622,0.0918,positive
1.51823458,12.8713,3.47975,1.29152,72.9516,0.60237,8.43204,0.0,0.0,negative
1.51812068,13.33015,3.84793,1.24979,72.778,0.52164,8.12,0.0,0.0,negative
1.51246804,14.99589,0.33958,1.64029,72.2384,0.34964,8.09223,0.10987,0.0873,positive
1.51910022,13.90205,3.73119,1.17917,72.1228,0.0621,8.89472,0.0,0.0,negative
1.51768786,12.65185,3.56057,1.30115,73.0804,0.60858,8.69028,0.0,0.0714,negative
1.51643496,12.15975,3.52016,1.3493,72.89,0.57132,8.52888,0.0,0.0,negative
1.5171867,14.75325,0.0,2.00093,73.0188,0.0,8.52888,1.59075,0.0408,positive
1.51686389,11.94695,0.0,1.34732,73.7472,0.36603,8.29009,1.30665,0.0,positive
1.5169466,11.94695,0.02082,2.52957,73.726,2.12642,9.52616,0.0,0.0334,positive
1.51417049,13.75795,0.0049,1.22347,73.2739,2.3207,5.43,1.4458,0.056,positive
1.52222108,13.21045,3.7716,0.79076,71.9884,0.13041,10.2452,0.0,0.0,negative
1.5162755,12.99765,3.57853,1.53869,72.8284,0.60858,8.04468,0.0,0.0,negative
1.5173908,12.56779,2.04395,1.81548,73.8496,0.00776,8.06451,1.65523,0.0216,positive
1.52226664,14.16805,3.81201,0.78113,71.35,0.0,9.69096,0.0,0.0,negative
1.51348245,11.94695,3.34056,1.44866,73.9611,0.32028,9.03156,0.1162,0.0811,positive
1.51618438,13.01095,3.5022,1.48091,72.89,0.60237,8.12,0.0,0.0,negative
1.51938612,13.04657,0.59003,1.1888,73.8392,0.0,7.58167,1.43176,0.0581,positive
1.51919134,14.417,3.57853,1.36856,72.078,0.5589,8.30292,0.0,0.0,negative
1.51595658,12.7915,3.60996,1.61894,72.9684,0.63963,8.0662,0.0,0.1326,negative
1.51488513,13.52463,2.8047,2.25215,73.2143,0.04754,8.55088,1.87618,0.0354,positive
1.5159737,14.05792,1.28834,2.70761,73.2927,0.37278,9.15557,0.05742,0.0349,positive
1.51672862,15.59324,0.0,1.91903,73.3307,0.0,8.98254,0.0,0.0964,positive
1.5165033,14.38085,0.0,1.93994,73.6124,0.0,8.47508,1.5687,0.0,positive
1.52613924,13.70255,0.0,1.35893,71.238,0.19251,13.43544,0.0,0.051,negative
1.51859906,13.35675,3.43036,1.42955,72.2628,0.50922,8.6042,0.0,0.0,negative
1.51768786,13.64935,3.65935,1.10855,72.7724,0.11178,8.6042,0.0,0.0,negative
1.51552522,14.98003,2.82492,1.54252,73.8865,0.25161,5.43,0.97417,0.0,positive
1.51568322,13.23705,3.48873,1.47128,73.2484,0.37881,8.03392,0.0,0.0,negative
1.51777898,13.6427,3.65037,0.64952,73.002,0.0621,8.927,0.0,0.0,negative
1.51545542,14.14145,0.0,2.68145,73.3884,0.08073,9.06688,0.6111,0.0255,positive
1.51839404,12.85135,3.66833,1.24016,72.5708,0.621,8.67952,0.0,0.1785,negative
1.51502086,12.46191,0.08058,2.23056,73.5837,1.31875,9.6662,2.43399,0.1071,positive
1.51333473,11.94695,0.41953,1.76723,73.334,2.65295,8.25243,0.0,0.0854,positive
1.51720948,12.8713,3.47975,1.33004,73.0412,0.5589,8.43204,0.0,0.0,negative
1.51680458,13.84538,0.34214,2.88047,73.3032,0.14828,9.11368,0.0,0.0262,positive
1.51531874,14.38085,0.0,2.65898,73.0972,0.03726,9.07764,0.63945,0.0,positive
1.51613882,13.8821,1.77804,1.78907,73.0972,0.0,8.66876,0.75915,0.0,positive
1.51593886,14.9676,0.30987,2.15873,72.8917,0.27806,9.07684,0.01784,0.0114,positive
1.51584189,14.33335,0.13354,1.60017,73.9762,1.5982,5.43,1.15268,0.0886,positive
1.51670832,13.23705,3.56955,1.3814,72.6996,0.5589,8.4428,0.0,0.051,negative
1.51566044,13.29025,3.44832,1.21127,72.7388,0.5589,8.57192,0.0,0.0,negative
1.52019366,13.98185,1.35149,1.62857,71.7588,0.39123,10.56252,0.0,0.51,negative
1.52210718,13.72915,3.83895,0.72014,71.7588,0.16767,9.74476,0.0,0.0,negative
1.51755118,13.1506,3.60996,1.05077,73.2372,0.57132,8.23836,0.0,0.0,negative
1.5139763,11.94695,3.34056,1.51869,75.1804,0.43775,8.88224,0.0,0.0051,positive
1.51588824,13.11735,3.40791,1.58042,73.2596,0.06831,8.389,0.0,0.0969,negative
1.515706,12.71835,3.46179,1.56116,73.198,0.67068,8.08772,0.0,0.1224,negative
1.51837126,13.1373,2.84217,1.27868,72.8508,0.55269,9.06688,0.0,0.0,negative
1.51479643,14.34458,0.57336,1.80404,73.739,0.35024,8.68034,2.06167,0.0172,positive
1.51416836,13.79489,0.55559,2.27467,74.0072,0.55276,8.91674,1.2296,0.0618,positive
1.51755118,12.7117,3.42138,1.19843,73.198,0.58995,8.63648,0.0,0.0,negative
1.52315506,13.4432,3.34056,1.23053,72.3804,0.60237,8.83016,0.0,0.0,positive
1.51215232,12.991,3.47077,1.12139,72.9796,0.621,8.34596,0.0,0.1581,negative
1.51737921,15.13764,3.26646,1.41386,73.6829,0.70352,9.24345,0.0,0.0,positive
1.51524352,13.97109,3.34056,2.48129,74.7933,2.04615,8.65712,1.22075,0.0677,positive
1.51666276,12.9378,3.60996,1.25942,72.75,0.5589,8.6042,0.0,0.0,negative
1.5132002,12.99765,0.0,3.0185,70.7004,6.21,6.92564,0.0,0.0,negative
1.52320062,13.7225,3.72221,0.51149,71.7476,0.08694,10.568,0.0,0.0816,negative
1.51600534,13.10281,0.59801,2.00483,73.6588,0.13959,8.42768,0.31175,0.0547,positive
1.51645774,13.4033,3.48873,1.51943,72.6492,0.67068,8.07696,0.0,0.051,negative
1.523679,13.4432,0.0,1.58042,72.218,0.32292,12.24108,0.0,0.0,negative
1.51563316,14.08428,1.72392,2.00808,73.8024,0.0,9.46922,0.47351,0.0751,positive
1.52058092,12.85135,1.61191,2.17106,72.1788,0.75762,9.70172,0.2394,0.2601,negative
1.51654886,12.7516,2.85115,1.43918,73.2708,0.57132,8.78712,0.11025,0.1122,negative
1.51682663,14.18097,0.44578,1.85562,73.3958,0.21827,5.84071,0.0,0.058,positive
1.51663998,12.93115,3.53812,1.61894,72.9572,0.63963,8.03392,0.0,0.1071,negative
1.51570214,14.23287,1.1621,2.44112,73.9022,1.45899,6.45824,0.48329,0.0233,positive
1.51761952,12.79815,3.65935,1.26905,73.0076,0.60237,8.56116,0.0,0.0,negative
1.51130946,11.94695,2.97768,1.55384,74.0492,0.40327,8.41763,0.68535,0.0305,positive
1.51719763,13.72711,1.89132,2.32492,74.0902,0.72643,7.56781,0.81172,0.0649,positive
1.51693612,12.858,3.57853,1.31078,72.61,0.60858,8.78712,0.0,0.0,negative
1.51750562,12.81145,3.56955,1.3493,73.0188,0.621,8.59344,0.0,0.0,negative
1.51602663,14.81069,0.54403,2.35707,72.5604,1.90102,6.44627,0.7662,0.0114,positive
1.5159338,13.09075,3.52016,1.55153,72.8676,0.6831,8.04468,0.0,0.459,negative
1.5160477,12.8979,3.43934,1.44881,73.58,0.44091,8.27064,0.0,0.0,negative
1.5266404,11.22875,0.0,0.7715,73.2092,0.0,14.6836,0.0,0.0,negative
1.51449766,15.26424,2.31454,2.6034,73.701,2.70135,9.04366,0.0,0.0048,positive
1.52080872,13.78235,2.28092,1.42955,71.9884,0.49059,9.85236,0.0,0.0867,negative
1.51711836,12.89125,3.61894,1.57079,72.9572,0.60858,8.10924,0.0,0.0,negative
1.51269291,13.70608,3.34056,1.34521,73.6045,0.04086,6.71683,0.0,0.0703,positive
1.51689056,12.6718,2.87809,1.70882,73.2092,0.73278,8.53964,0.0,0.0,negative
1.5215149,13.05085,3.65037,0.87101,72.218,0.19251,9.85236,0.0,0.0867,negative
1.5175284,12.57205,3.47077,1.3814,73.3884,0.60237,8.5504,0.0,0.0306,negative
1.51292065,14.90436,0.0,1.92142,74.0388,2.70135,8.99048,0.61408,0.0771,positive
1.51709558,12.99765,3.47077,1.78907,72.722,0.65826,8.18456,0.0,0.0,negative
1.51700994,14.37762,3.34056,2.88047,72.5922,2.70135,9.19473,1.3431,0.0,positive
1.5183257,13.33015,3.34056,1.53869,72.1396,0.5589,8.99156,0.0,0.0,negative
1.5167311,13.2969,3.64139,1.52906,72.5316,0.65205,8.03392,0.0,0.1479,negative
1.5140486,14.06169,0.59467,2.07519,73.5463,2.70135,9.75552,0.0,0.0135,positive
1.51743728,12.19965,3.25076,1.15991,73.5508,0.621,8.89472,0.0,0.1224,negative
1.5177647,12.54692,0.38965,1.31789,73.0502,2.27843,7.73763,1.21055,0.0131,positive
1.5215149,11.02925,1.71069,1.56116,73.4388,0.57753,11.617,0.0,0.0,negative
1.51485609,12.35468,1.73802,1.95071,74.0292,0.53025,9.21151,0.0,0.0725,positive
1.5196925,12.63855,0.0,1.65104,73.7524,0.37881,11.53092,0.0,0.0,negative
1.51582958,13.83773,0.0,1.86025,74.2209,1.60311,8.88618,0.72173,0.0,positive
1.5176642,14.2819,3.34056,1.1888,73.2113,0.09297,9.42077,2.28993,0.0727,positive
1.52138076,13.04654,0.24803,2.41369,73.7447,0.24398,9.18426,0.01215,0.0279,positive
1.51994308,13.2703,0.0,1.76018,73.03,0.47196,11.31572,0.0,0.0,negative
1.5207762,11.94695,0.16077,1.6419,73.422,0.70241,9.02331,0.30231,0.0638,positive
1.53124196,10.73,0.0,2.10044,69.81,0.57753,13.29556,3.15,0.1428,negative
1.5178701,12.73165,3.43036,1.1888,72.9516,0.621,8.75484,0.0,0.153,negative
1.51130946,13.29013,2.82431,1.33858,73.7901,0.57173,7.01117,1.55439,0.0354,positive
1.51758637,15.02197,0.13994,1.36959,74.1918,0.42041,9.0907,0.36366,0.0344,positive
1.51887242,14.99265,0.78126,1.74092,72.498,0.0,9.9492,0.0,0.0,negative
1.5173006,12.3526,2.72094,1.62857,72.8676,0.70173,9.22828,0.0,0.0,negative
1.51341223,14.12612,0.0,2.64859,73.531,0.0,5.43,0.0,0.0191,positive
1.51458526,13.27271,0.0,1.8791,73.7662,2.70135,9.11751,0.56753,0.0419,positive
1.51841682,12.93115,3.74017,1.10855,72.2796,0.63963,8.95928,0.0,0.1122,negative
1.51626191,14.70633,0.2715,1.87325,73.5424,0.0,9.13028,0.0,0.459,positive
1.51651184,15.13508,3.34056,2.38816,73.2684,0.64768,6.60996,0.19634,0.0626,positive
1.5125628,12.08599,3.34056,1.1888,74.1139,0.40248,8.49193,0.68488,0.0229,positive
1.51299518,14.4008,1.74212,1.53869,74.5476,0.0,7.59276,0.0,0.0,negative
1.52073809,14.19115,0.14593,2.0014,72.7776,0.55559,8.53525,1.86548,0.077,positive
1.51580287,12.60414,0.03457,1.97922,73.3616,0.27218,6.72539,0.76544,0.0,positive
1.51666276,12.858,0.0,1.8308,73.8812,0.96876,10.17516,0.0,0.0,negative
1.51475513,14.55195,0.0,1.48513,73.1592,0.56206,6.02489,0.03879,0.0724,positive
1.52212996,14.20795,3.82099,0.46976,71.77,0.11178,9.5726,0.0,0.0,negative
1.51591102,13.0176,3.57853,1.5098,73.1196,0.68931,7.9586,0.0,0.0,negative
1.51556932,13.8688,0.0,2.54021,73.2316,0.14283,9.4112,0.80955,0.0051,positive
1.5138988,14.56268,3.34056,2.19189,73.7833,0.97679,8.97901,0.97086,0.0487,positive
1.51800678,13.7092,3.92875,1.53869,71.8092,0.54027,8.20608,0.0,0.0765,negative
1.52358382,13.89371,0.44966,2.50407,73.4068,0.33501,8.20395,0.0,0.0009,positive
1.51322059,11.94695,0.0,1.96038,73.2107,0.72079,9.75552,0.0,0.0944,positive
1.51595658,13.0176,3.56057,1.53869,73.1084,0.72036,7.9048,0.0,0.0,negative
1.52725546,13.8023,3.15198,0.65915,70.5716,0.08073,11.63852,0.0,0.0,negative
1.51743728,13.2969,3.60098,1.14065,73.0916,0.57753,8.1738,0.0,0.0,negative
1.51689056,13.33015,3.53812,1.60931,72.5428,0.6831,8.10924,0.0,0.0,negative
1.51525331,13.81108,0.57798,2.40421,73.7529,0.52672,8.81558,0.50735,0.0702,positive
1.51686778,13.2304,3.53812,1.48091,72.8396,0.5589,8.09848,0.0,0.0,negative
1.5151365,14.853,0.0,2.42144,73.7188,0.0,8.389,0.5607,0.0,positive
1.51516367,15.79065,1.05199,1.9797,73.6112,2.70135,8.17861,1.05187,0.0,positive
1.51659442,12.991,3.17892,1.23053,72.9684,0.57753,8.80864,0.0,0.1224,negative
1.51622994,14.2013,0.0,2.79059,73.4612,0.03726,9.04536,0.40005,0.459,positive
1.52365622,14.22639,3.34056,1.49193,73.1814,0.03509,8.99655,1.90558,0.0534,positive
1.52666318,13.9885,3.69976,0.71051,71.5684,0.01863,9.82008,0.0,0.051,negative
1.52192782,14.91192,0.15477,1.1888,73.9544,0.23768,8.67883,1.99972,0.0414,positive
1.51848516,13.6427,3.87038,1.26905,71.9604,0.54027,8.32444,0.0,0.1632,negative
1.51709848,14.90101,3.34056,2.82517,72.6107,0.13241,8.70428,0.97259,0.0723,positive
1.5159338,13.25035,3.44832,1.42955,73.17,0.60858,7.86176,0.0,0.0,negative
1.51609326,15.126,0.0,2.51132,73.0524,0.04968,8.83016,0.5292,0.0,positive
1.51850794,13.19715,3.62792,1.07003,72.8284,0.57132,8.41052,0.09135,0.0867,negative
1.52171992,11.56125,1.88131,1.56116,72.862,0.47196,11.41256,0.0,0.0,negative
1.51761952,13.88875,3.60098,1.35893,72.7276,0.47817,7.82948,0.0,0.0,negative
1.51761952,12.81145,3.53812,1.23053,73.2372,0.57753,8.389,0.0,0.0,negative
1.5215149,13.05085,3.65037,0.87101,72.3188,0.19251,9.85236,0.0,0.0867,negative
1.51652608,11.94695,0.0,1.1888,75.1804,2.70135,8.927,0.0,0.0,positive
1.5193508,13.6427,3.53812,0.74903,72.6492,0.16146,8.89472,0.1512,0.1224,negative
1.51472979,11.94695,1.35275,1.8714,73.8287,2.70135,8.78642,1.01313,0.0607,positive
1.52067204,13.5496,2.08785,1.6703,72.1788,0.52785,9.5726,0.2709,0.0867,negative
1.51263788,14.04879,0.37022,2.01366,73.8499,2.70135,9.6149,0.95434,0.0056,positive
1.51807512,13.4299,2.86911,1.1888,72.8396,0.55269,9.0346,0.0,0.0,negative
1.51846238,13.0974,3.96916,1.1888,72.442,0.60237,8.43204,0.0,0.0,negative
1.51693041,14.78995,0.06029,2.76544,75.1804,0.35824,8.65206,0.97259,0.0408,positive
1.51682222,14.5604,0.0,1.97846,73.2876,0.0,8.51812,1.5687,0.0357,positive
1.51418794,15.0394,3.34056,1.92536,74.287,0.58384,8.58899,0.09119,0.0146,positive
1.51591102,13.23705,3.34056,1.47128,73.0972,0.39123,8.21684,0.0,0.0,negative
1.52101374,13.6427,4.49,1.09892,71.7812,0.0621,8.75484,0.0,0.0,negative
1.51789288,13.1905,3.90181,1.30115,72.33,0.55269,8.4428,0.0,0.1428,negative
1.51429886,11.94695,1.21624,1.1888,73.5653,2.36655,8.07474,0.0,0.0669,positive
1.51485049,14.40738,3.34056,2.48848,74.2314,0.02102,9.75552,0.0,0.0708,positive
1.51663998,13.1373,3.44832,1.76018,72.4812,0.60237,8.37824,0.0,0.0867,negative
1.5177562,12.85135,3.47975,1.23053,72.9684,0.60858,8.56116,0.09135,0.1122,negative
1.51568605,14.08155,2.05112,1.53722,73.7842,0.36545,8.69792,0.0,0.0115,positive
1.51609326,13.42325,3.39893,1.2209,72.6884,0.58995,8.32444,0.0,0.0,negative
1.51618756,13.89332,0.45049,2.4394,73.9547,0.22959,8.46924,0.0,0.459,positive
1.51588824,12.87795,3.43036,1.40066,73.282,0.68931,8.04468,0.0,0.1224,negative
1.51839528,14.54843,0.0,1.78599,72.9726,0.02576,5.43,0.0,0.0073,positive
1.51731732,15.22384,3.34056,2.72006,73.3332,0.1212,9.66746,0.0,0.0731,positive
1.51331366,13.1992,0.24523,1.78443,73.611,0.60363,8.96819,0.39331,0.016,positive
1.52408904,13.8289,2.90054,1.16954,71.1484,0.08073,10.78848,0.0,0.0,negative
1.51732338,14.95275,0.0,1.7987,72.9908,0.0,8.61496,1.5498,0.0,positive
1.51460289,14.76135,3.34056,2.59332,73.8825,0.0,5.43,0.65106,0.0459,positive
1.51535587,13.66121,0.76896,2.28849,72.3419,1.23388,9.45363,0.29944,0.0873,positive
1.51498291,13.75016,0.56064,2.22643,74.2697,0.0,9.52081,0.36025,0.0528,positive
1.51632106,13.3368,3.56955,1.57079,72.8676,0.60858,7.89404,0.0,0.0,negative
1.52064926,14.3609,0.0,2.02019,73.422,0.0,8.4428,1.64115,0.0,positive
1.51613882,13.922,3.52016,1.24979,72.8788,0.3726,7.93708,0.0,0.0714,negative
1.51784732,13.7745,3.48873,1.27868,72.862,0.60237,8.48584,0.0,0.0,negative
1.51476431,14.43311,0.0,1.98252,73.204,2.47819,9.75552,0.49223,0.0661,positive
1.51966972,14.7732,3.74915,0.29,72.022,0.03105,9.00232,0.0,0.0,negative
1.51315464,13.0176,0.0,3.04097,70.482,6.21,6.95792,0.0,0.0,negative
1.51618438,13.52965,3.55159,1.53869,72.9908,0.39123,7.77568,0.0,0.0,negative
1.51617234,15.79065,0.32508,1.52993,73.91,0.39553,5.43,1.98897,0.0346,positive
1.51331085,15.34052,2.83555,2.84674,73.5491,2.25653,8.65924,0.652,0.0313,positive
1.51976084,13.80895,3.57853,1.32041,71.7196,0.11799,8.66876,0.68985,0.0,negative
1.51326067,11.94695,1.72237,1.44583,72.6431,0.41334,6.48098,0.0,0.0724,positive
1.51360283,13.80594,2.25215,1.41529,73.4972,0.30072,8.36226,0.15851,0.0579,positive
1.51310591,14.44666,0.32364,1.96753,74.2569,1.7124,8.41003,2.21086,0.0425,positive
1.51755118,13.4831,3.74017,1.16954,72.9908,0.58995,8.03392,0.0,0.0,negative
1.52008866,15.79031,0.7161,1.28877,74.0781,0.39258,8.49145,1.51984,0.0124,positive
1.5171526,12.94565,0.00019,2.31795,73.7964,0.25754,9.06556,0.0,0.0474,positive
1.51549197,15.07742,0.07636,2.84118,72.791,0.36194,8.15871,0.0585,0.0042,positive
1.51755118,13.39,3.65935,1.1888,72.7892,0.57132,8.27064,0.0,0.0561,negative
1.5163894,12.5521,3.47975,1.86932,73.2316,0.62721,8.07696,0.0,0.459,negative
1.51910022,13.88875,3.52914,1.32041,71.8092,0.50922,8.77636,0.11025,0.0,negative
1.51349704,13.94677,0.09314,1.29962,73.4052,2.56385,8.05565,0.0,0.0903,positive
1.51828014,14.46065,2.24051,1.61894,72.3804,0.0,9.26056,0.0,0.0,negative
1.51189301,14.31423,3.34056,1.92605,73.5324,0.55699,9.27681,0.14584,0.0746,positive
1.51258755,14.54422,3.34056,1.62971,72.7636,0.06735,8.45931,0.0,0.0727,positive
1.51517748,15.00094,0.35463,2.33079,74.0041,0.19974,8.2999,1.40659,0.0585,positive
1.52210718,14.188,3.78058,0.90953,71.3612,0.22977,9.1422,0.0,0.1887,negative
1.51777898,13.21045,2.81074,1.29152,72.9796,0.50922,9.02384,0.0,0.459,negative
1.51525519,11.94695,3.34056,1.354,74.1476,0.21952,7.9016,1.66187,0.0,positive
1.51609326,13.33015,3.52914,1.33967,72.6716,0.5589,8.3352,0.0,0.0,negative
1.51408862,14.24785,3.08912,2.08118,72.2796,1.09917,7.07628,0.0,0.0,negative
1.51793844,13.21045,3.47975,1.41029,72.638,0.58995,8.43204,0.0,0.0,negative
1.5190091,13.48975,3.47975,1.3493,71.9492,0.55269,9.00232,0.0,0.0,negative
1.51746006,12.83805,3.5022,1.14065,73.2708,0.5589,8.5504,0.0,0.0,negative
1.52042146,13.3767,0.0,1.40066,72.2516,0.32913,12.49932,0.0,0.0,negative
1.5229956,13.3102,3.57853,0.81965,71.9884,0.11799,10.17516,0.0,0.0153,negative
1.5129516,13.98086,0.0,2.44091,73.6667,0.25023,8.97235,0.0,0.0287,positive
1.51344373,13.54556,0.0,1.69986,73.269,0.43985,9.75552,0.18284,0.0291,positive
1.51291619,13.58555,0.0,1.1888,73.6379,0.48102,9.08877,0.0,0.0562,positive
1.51812878,11.94695,0.63591,1.78435,73.2814,0.40558,7.9038,1.65986,0.0411,positive
1.51658559,13.97122,0.3616,1.80523,73.8662,1.84576,9.04636,0.26363,0.0574,positive
1.51820654,13.5907,3.34056,1.1888,75.1804,1.17712,8.66258,0.47951,0.0123,positive
1.51574428,11.94695,0.42227,2.34624,73.7523,0.64791,8.81215,0.0,0.0534,positive
1.51641407,14.13881,0.0,1.1888,74.0572,2.39715,7.56532,0.33546,0.0326,positive
1.52273019,15.35789,3.34056,1.9234,74.3272,1.31381,8.9496,0.53818,0.0322,positive
1.51546435,14.8366,0.35787,1.64689,73.3234,2.12611,9.27543,2.135,0.084,positive
1.51369955,14.58737,0.56973,2.46394,73.5833,0.67016,8.87692,0.0,0.091,positive
1.51673022,14.02393,0.0,1.84527,73.8225,1.82746,8.68135,0.38597,0.0898,positive
1.52082746,14.55608,0.57353,2.11357,73.5913,0.21331,9.24085,0.65481,0.052,positive
1.51937358,13.789,2.41113,1.1888,72.7612,0.0,9.76628,0.0,0.0,negative
1.52212996,14.20795,3.82099,0.46976,71.77,0.11178,9.5726,0.0,0.0,negative
1.51823932,14.06582,3.34056,2.47334,73.6518,0.64801,9.13623,0.06306,0.0388,positive
1.51837126,14.321,3.25974,2.21921,71.2492,1.45935,5.78508,1.62855,0.0,positive
1.51520259,11.94695,3.34056,1.48774,72.952,2.48895,6.66927,2.52331,0.0629,positive
1.52222108,14.4274,0.0,0.99941,72.6716,0.09936,11.52016,0.0,0.0408,negative
1.51748284,12.858,3.56057,1.26905,73.2092,0.54027,8.37824,0.0,0.0867,negative
1.5176423,12.9777,3.53812,1.21127,73.002,0.65205,8.52888,0.0,0.0,negative
1.51768786,12.55875,3.52016,1.42955,73.1476,0.57132,8.53964,0.0,0.0,negative
1.5170728,13.7225,3.6818,1.81154,72.0612,0.63963,7.88328,0.0,0.0,negative
1.51657553,13.00304,0.66383,2.58134,73.1584,0.06988,8.34408,0.61631,0.0,positive
1.51755118,12.99765,3.60098,1.35893,72.9908,0.57132,8.39976,0.0,0.0561,negative
1.5165118,13.89279,0.74034,2.43509,75.1804,1.84336,8.69092,0.21684,0.0015,positive
1.5159338,13.09075,3.592,1.51943,73.0972,0.67068,7.82948,0.0,0.0,negative
1.5174145,13.2703,3.61894,1.24016,73.0804,0.55269,8.0662,0.0,0.0,negative
1.51286542,14.4864,0.77631,2.83573,73.898,0.46224,9.75552,0.31131,0.09,positive
1.51476476,13.52464,0.0,2.01645,73.5646,2.70135,7.48322,0.0,0.0036,positive
1.51720948,13.3767,3.5022,1.15028,72.8508,0.50301,8.43204,0.0,0.0,negative
1.51828014,13.23705,3.90181,1.41029,72.33,0.55269,8.31368,0.0,0.051,negative
1.51396614,14.90288,0.0,2.51463,73.5565,0.46233,9.09917,0.0,0.0,positive
1.51916856,14.1481,0.0,2.09081,72.7388,0.0,10.88532,0.0,0.0,negative
1.5187546,13.24168,3.34056,1.69645,73.4641,0.26065,8.71322,0.17693,0.063,positive
1.5177562,13.52965,3.40791,1.51943,72.0388,0.57753,8.78712,0.0,0.0,negative
1.51649501,13.10704,0.20849,1.49403,72.6781,0.38769,9.30545,0.09105,0.0312,positive
1.51472358,13.60168,0.69899,1.89177,72.7895,1.95398,8.68254,0.0,0.0,positive
1.51736894,12.7782,3.61894,1.29152,72.7892,0.58995,8.70104,0.0,0.0,negative
1.51796122,12.7383,3.47975,1.3493,72.9572,0.63963,8.67952,0.0,0.0,negative
1.5163894,14.36755,0.0,2.73923,72.8508,0.0,9.45424,0.53865,0.0,positive
1.51622994,14.14145,0.0,2.88047,72.61,0.08073,9.18524,1.06155,0.0,positive
1.51130946,15.31517,2.38463,2.16023,73.3649,0.0115,9.3159,2.58767,0.0663,positive
1.51830292,14.3875,0.0,1.82117,72.862,1.40967,6.47372,2.8791,0.0,positive
1.52247166,14.85965,2.2001,2.05871,70.258,0.75762,9.75552,0.0,0.0,positive
1.51766508,13.21045,3.69078,1.29152,72.61,0.57132,8.21684,0.0,0.0,negative
1.51761952,12.61195,3.592,1.31078,73.2876,0.57753,8.4966,0.0,0.0,negative
1.51798594,11.94695,3.34056,1.9098,73.8275,1.58964,5.43,1.1678,0.0383,positive
1.51808971,14.45908,2.34569,1.92946,72.7232,0.57365,9.43973,0.0,0.067,positive
1.51793844,12.7915,3.5022,1.12139,73.03,0.63963,8.7656,0.0,0.0,negative
1.51517569,14.09824,2.77134,2.00963,72.772,0.0,9.75552,0.73034,0.0538,positive
1.5196925,14.5604,0.0,0.55964,73.478,0.0,11.21888,0.0,0.0,negative
1.51430121,15.27397,1.91335,1.79944,73.5819,0.44315,9.05212,1.12663,0.0358,positive
1.51657164,14.7998,0.0,1.9913,73.1084,0.0,8.2814,1.71045,0.0,positive
1.51740915,13.48251,1.92711,2.72904,73.6456,2.11475,9.3606,0.34114,0.0,positive
1.51589341,14.61297,0.0,2.88047,73.8214,0.25902,8.09517,0.63241,0.0135,positive
1.51870496,11.94695,3.34056,2.87373,74.1855,0.54223,9.21679,1.37614,0.0784,positive
1.51914578,12.73165,1.84988,1.85969,72.6884,0.60237,10.08908,0.0,0.0,negative
1.51846238,13.40995,3.88834,1.33004,72.3804,0.50922,8.2814,0.0,0.0,negative
1.52119598,12.97105,0.32777,1.5098,73.3884,0.13041,11.27268,0.0,0.1428,negative
1.51841682,13.0176,3.61894,1.0604,72.3412,0.63963,9.13144,0.0,0.0765,negative
1.52474966,11.4482,0.0,1.87895,72.19,0.8073,13.24176,0.0,0.1734,negative
1.51687242,14.26739,0.0,1.47824,73.3038,2.70135,8.9747,0.0,0.0706,positive
1.51591102,12.8181,3.52016,1.90142,72.862,0.68931,7.96936,0.0,0.0,negative
1.51650413,15.3346,0.0,2.40642,73.8791,2.70135,9.17144,2.30466,0.0,positive
1.51782454,12.69175,3.53812,1.33967,72.9516,0.57132,8.75484,0.0,0.0,negative
1.51602492,14.853,0.0,2.37971,73.282,0.0,8.75484,0.63945,0.459,positive
1.51812068,12.95775,2.95891,1.42955,72.918,0.60237,8.78712,0.1386,0.0,negative
1.52739214,11.0226,0.0,0.74903,73.0804,0.0,14.96336,0.0,0.0,negative
1.51280067,12.27973,0.0,2.33951,74.0452,0.46115,8.99703,0.4229,0.0314,positive
1.5184396,13.25035,3.75813,1.32041,72.4028,0.57753,8.42128,0.0,0.0,negative
