D,S,O,1,3,1,1,2,1,2,0
D,S,O,1,2,1,1,2,1,1,0
C,S,O,1,2,1,1,2,1,1,0
B,X,O,1,2,1,1,2,1,1,0
C,R,I,1,3,1,1,2,1,2,0
D,A,O,1,2,1,1,2,1,1,0
B,X,O,1,3,1,1,2,1,1,0
D,S,I,1,3,1,1,2,1,1,0
B,X,O,1,3,1,1,2,1,1,0
H,S,X,1,3,1,1,1,1,2,0
C,S,O,1,2,1,1,2,1,2,1
H,S,X,1,2,1,1,1,1,2,0
H,S,X,1,1,1,2,2,1,2,3
D,A,I,2,2,3,2,2,1,2,0
H,A,X,1,3,1,1,2,1,2,0
C,R,O,1,3,1,1,2,1,2,0
H,R,X,1,2,3,1,2,1,2,0
D,R,O,2,2,1,1,2,1,2,1
C,S,O,1,3,1,1,2,1,2,2
C,S,O,1,2,3,2,2,1,2,0
H,S,X,1,2,1,1,1,1,2,0
H,A,X,1,3,1,1,1,1,2,0
D,S,O,1,3,1,1,2,1,2,1
B,X,O,1,2,1,1,2,1,1,0
B,X,I,1,3,1,1,2,1,2,0
D,K,O,1,3,1,2,2,1,2,0
B,X,I,1,3,1,1,2,1,1,0
B,X,O,2,3,1,1,2,1,2,2
C,A,I,1,3,1,2,2,1,2,0
D,H,I,2,3,3,2,2,1,2,0
E,K,I,2,3,1,2,2,1,2,0
D,S,I,1,3,1,2,2,1,2,0
H,S,X,2,3,1,2,2,1,2,0
H,S,X,1,2,1,1,2,1,2,0
H,R,X,1,2,1,1,1,1,1,0
B,X,I,1,2,1,1,2,1,1,0
C,R,O,1,3,1,1,2,1,1,0
D,K,I,2,3,1,2,2,1,1,0
E,A,I,2,2,1,1,2,1,1,0
D,A,O,1,3,1,1,2,1,1,1
E,A,I,2,3,3,2,2,1,1,0
F,K,C,2,3,1,2,2,2,1,0
C,R,O,1,2,1,1,2,1,1,0
E,A,I,2,3,1,2,2,1,1,0
B,X,O,1,2,1,1,2,1,1,0
F,A,C,2,2,1,2,2,1,1,1
C,S,O,2,2,1,1,2,1,1,1
E,A,I,1,2,1,2,2,1,1,0
B,X,O,1,3,1,1,2,1,1,0
D,R,O,1,2,1,1,2,1,1,0
H,S,X,1,1,1,1,1,1,1,0
E,A,O,1,1,1,2,2,1,1,0
H,S,X,1,3,1,1,2,1,1,0
F,K,C,2,3,1,2,2,2,1,0
E,A,O,2,2,1,2,2,1,1,0
F,K,I,2,2,1,2,2,2,1,1
E,R,O,2,2,1,2,2,1,1,0
D,A,I,1,3,1,1,2,1,1,0
F,K,I,2,3,1,2,2,2,1,0
D,A,O,2,3,1,1,2,1,1,0
H,S,X,1,2,1,1,1,1,1,0
C,R,O,1,3,1,1,2,1,1,0
B,X,O,2,1,1,2,2,1,1,0
H,A,X,1,2,1,2,2,1,1,0
H,S,X,1,2,1,2,2,1,1,0
D,A,I,2,3,1,1,2,1,1,0
D,R,I,1,2,1,2,2,1,1,0
B,X,O,1,3,1,1,2,1,1,0
H,S,X,1,2,1,2,2,1,1,0
B,X,O,1,1,1,1,2,1,1,0
B,X,O,1,3,1,1,2,1,1,0
D,K,I,2,3,1,2,2,1,1,2
H,S,X,1,1,1,1,2,1,1,0
H,R,X,1,1,1,1,2,1,1,0
D,A,O,1,1,1,2,2,1,1,0
H,H,X,1,2,1,1,1,1,1,0
H,R,X,1,3,1,1,2,1,1,0
H,A,X,1,2,1,1,1,1,1,0
D,A,I,1,2,1,1,2,1,1,0
H,S,X,1,2,1,1,2,1,1,0
D,A,I,1,3,1,2,2,1,1,0
D,S,O,1,1,1,2,2,1,1,0
H,S,X,1,2,1,1,2,1,1,0
D,A,I,1,3,1,2,2,1,1,2
E,S,I,1,3,1,2,2,1,1,2
D,R,I,1,3,1,1,2,1,1,1
H,S,X,1,2,1,2,1,1,1,0
E,A,I,2,3,3,2,2,1,1,1
D,R,I,1,2,1,2,2,1,1,0
H,S,X,1,2,1,2,2,1,1,0
C,R,O,1,3,1,1,2,1,1,0
H,S,X,1,2,1,1,2,1,1,0
H,S,X,1,2,1,1,2,1,1,0
H,R,X,1,2,1,1,2,1,1,0
H,R,X,1,3,1,1,1,1,1,0
C,S,O,1,2,1,1,2,1,1,0
D,S,O,1,2,1,1,2,1,1,0
C,S,O,2,3,1,2,2,1,1,0
H,K,X,1,3,1,1,1,1,1,0
H,S,X,1,2,1,1,2,1,1,0
B,X,O,1,2,1,2,2,1,1,0
E,H,C,2,3,1,2,2,1,1,0
H,S,X,1,1,1,2,2,1,1,0
F,H,O,1,2,1,2,2,1,1,1
B,X,O,1,2,1,2,2,1,1,0
H,S,X,1,3,1,2,2,1,1,0
H,R,X,1,2,1,1,2,1,1,0
C,S,I,1,3,1,1,2,1,1,0
F,A,I,1,2,1,2,2,1,1,1
C,R,O,1,3,1,1,2,1,1,0
H,R,X,1,2,1,1,2,1,1,0
C,R,O,1,3,1,1,2,1,1,0
H,S,X,1,2,1,1,2,1,1,0
B,X,O,1,1,1,1,2,1,1,0
H,S,X,1,2,1,1,2,1,1,1
H,S,X,1,1,1,1,2,1,1,0
C,S,O,1,3,1,1,2,1,1,0
H,S,X,1,3,1,2,1,1,1,0
C,R,O,1,2,1,1,2,1,1,0
H,S,X,1,3,1,1,2,1,1,0
H,S,X,1,2,1,1,2,1,1,0
D,A,I,1,3,1,1,2,1,1,0
H,S,X,1,2,1,2,1,1,1,0
D,A,O,1,3,1,2,2,1,1,0
C,S,O,1,2,1,2,2,1,1,0
B,X,O,1,2,1,2,2,1,1,0
D,A,I,1,3,1,1,2,1,1,0
H,S,X,1,2,1,2,1,1,1,0
E,K,C,2,2,3,2,2,2,1,0
E,K,C,2,2,2,2,2,2,1,0
H,S,X,1,2,1,1,1,1,1,0
D,S,O,1,2,1,1,2,1,1,0
D,A,I,1,2,1,2,2,1,1,0
F,A,I,1,2,1,2,2,1,1,0
D,A,O,1,2,1,1,2,1,1,0
D,H,O,1,2,1,2,2,1,1,0
H,S,X,1,2,1,1,1,1,1,1
H,S,X,1,2,1,1,2,1,1,0
E,A,I,2,2,1,2,2,1,1,0
